%YAML:1.0
---
K: !!opencv-matrix
   rows: 3
   cols: 3
   dt: d
   data: [ 9.2177670024693703e+02, 0., 6.6408728460129760e+02, 0.,
       9.2159210570009668e+02, 3.5713139319284124e+02, 0., 0., 1. ]
D: !!opencv-matrix
   rows: 1
   cols: 5
   dt: d
   data: [ -4.3676409822553680e-01, 2.3522596601321333e-01,
       -1.2915958567452767e-03, -1.2770749137218105e-03,
       -6.4126578230317657e-02 ]
board_width: 9
board_height: 6
square_size: 26.
