%YAML:1.0
---
K: !!opencv-matrix
   rows: 3
   cols: 3
   dt: d
   data: [ 8.9381962947598640e+02, 0., 6.8934381989653536e+02, 0.,
       8.9250198510085215e+02, 3.7902893896811645e+02, 0., 0., 1. ]
D: !!opencv-matrix
   rows: 1
   cols: 5
   dt: d
   data: [ -4.1338120418122692e-01, 2.3064905234347918e-01,
       -6.2419215385439491e-03, 4.1603174799556579e-03,
       -8.0225984760800687e-02 ]
board_width: 9
board_height: 6
square_size: 26.
